0,10000,121,0,1,9878
0,10000,133,0,2,9865
1,10000,151,0,2,9847
2,10000,169,0,2,9829
3,10000,189,0,2,9809
4,10000,216,0,2,9782
5,10000,249,0,3,9748
6,10000,277,0,5,9718
7,10000,305,0,6,9689
8,10000,343,0,7,9650
9,10000,378,0,8,9614
10,10000,423,0,9,9568
11,10000,460,0,11,9529
12,10000,391,117,14,9478
13,10000,424,130,15,9431
14,10000,451,148,18,9383
15,10000,477,166,19,9338
16,10000,506,186,21,9287
17,10000,506,212,24,9258
18,10000,525,242,26,9207
19,10000,539,269,27,9165
20,10000,552,298,29,9121
21,10000,549,335,29,9087
22,10000,554,371,30,9045
23,10000,556,416,31,8997
24,10000,569,451,34,8946
25,10000,552,499,40,8909
26,10000,543,544,40,8873
27,10000,538,589,42,8831
28,10000,540,632,44,8784
29,10000,536,681,48,8735
30,10000,545,709,49,8697
31,10000,522,759,51,8668
32,10000,521,797,52,8630
33,10000,503,838,54,8605
34,10000,510,870,54,8566
35,10000,509,911,56,8524
36,10000,493,957,60,8490
37,10000,481,1003,61,8455
38,10000,467,1040,63,8430
39,10000,457,1073,66,8404
40,10000,440,1114,67,8379
41,10000,436,1159,68,8337
42,10000,416,1206,68,8310
43,10000,407,1242,68,8283
44,10000,406,1270,70,8254
45,10000,391,1305,71,8233
46,10000,395,1330,72,8203
47,10000,386,1367,73,8174
48,10000,371,1408,73,8148
49,10000,367,1441,73,8119
50,10000,354,1475,74,8097
51,10000,350,1500,74,8076
52,10000,353,1526,74,8047
53,10000,351,1550,74,8025
54,10000,338,1590,74,7998
55,10000,348,1617,76,7959
56,10000,342,1644,76,7938
57,10000,336,1672,77,7915
58,10000,339,1693,78,7890
59,10000,330,1722,78,7870
60,10000,324,1750,80,7846
61,10000,320,1775,80,7825
62,10000,314,1804,81,7801
63,10000,314,1826,81,7779
64,10000,313,1847,81,7759
65,10000,307,1875,82,7736
66,10000,312,1895,83,7710
67,10000,311,1922,85,7682
68,10000,294,1961,85,7660
69,10000,293,1980,86,7641
70,10000,295,2002,86,7617
71,10000,290,2027,86,7597
72,10000,288,2047,87,7578
73,10000,291,2070,88,7551
74,10000,288,2091,90,7531
75,10000,287,2115,90,7508
76,10000,291,2135,91,7483
77,10000,302,2155,93,7450
78,10000,299,2178,94,7429
79,10000,298,2201,96,7405
80,10000,288,2227,96,7389
81,10000,293,2249,96,7362
82,10000,293,2268,97,7342
83,10000,300,2292,98,7310
84,10000,301,2311,98,7290
85,10000,310,2330,98,7262
86,10000,302,2356,99,7243
87,10000,306,2374,99,7221
88,10000,294,2397,100,7209
89,10000,284,2421,103,7192
90,10000,277,2452,103,7168
91,10000,277,2473,103,7147
92,10000,275,2497,104,7124
93,10000,282,2513,104,7101
94,10000,274,2540,105,7081
95,10000,274,2558,105,7063
96,10000,263,2590,106,7041
97,10000,264,2609,107,7020
98,10000,253,2635,109,7003
99,10000,250,2654,110,6986
100,10000,245,2676,110,6969
101,10000,253,2686,110,6951
102,10000,264,2702,110,6924
103,10000,256,2725,110,6909
104,10000,251,2746,111,6892
105,10000,238,2769,111,6882
106,10000,235,2791,112,6862
107,10000,234,2810,113,6843
108,10000,231,2827,114,6828
109,10000,229,2847,115,6809
110,10000,225,2868,115,6792
111,10000,229,2885,116,6770
112,10000,230,2902,117,6751
113,10000,233,2918,117,6732
114,10000,228,2935,117,6720
115,10000,211,2962,117,6710
116,10000,214,2976,117,6693
117,10000,216,2993,118,6673
118,10000,219,3003,118,6660
119,10000,211,3023,119,6647
120,10000,207,3041,119,6633
121,10000,207,3055,119,6619
122,10000,196,3074,119,6611
123,10000,188,3090,119,6603
124,10000,180,3112,121,6587
125,10000,180,3130,122,6568
126,10000,176,3149,122,6553
127,10000,178,3160,123,6539
128,10000,180,3170,123,6527
129,10000,181,3187,124,6508
130,10000,176,3207,124,6493
131,10000,176,3220,125,6479
132,10000,179,3232,126,6463
133,10000,170,3246,126,6458
134,10000,174,3258,126,6442
135,10000,175,3266,128,6431
136,10000,174,3274,129,6423
137,10000,169,3290,130,6411
138,10000,159,3308,130,6403
139,10000,152,3322,131,6395
140,10000,147,3334,131,6388
141,10000,145,3345,131,6379
142,10000,138,3364,131,6367
143,10000,131,3378,132,6359
144,10000,126,3390,132,6352
145,10000,117,3406,133,6344
146,10000,120,3411,135,6334
147,10000,117,3427,135,6321
148,10000,114,3438,135,6313
149,10000,117,3445,135,6303
150,10000,114,3457,135,6294
151,10000,118,3465,135,6282
152,10000,117,3472,136,6275
153,10000,119,3479,136,6266
154,10000,119,3488,136,6257
155,10000,112,3499,137,6252
156,10000,110,3507,137,6246
157,10000,112,3513,137,6238
158,10000,106,3521,137,6236
159,10000,105,3530,137,6228
160,10000,95,3543,137,6225
161,10000,95,3551,137,6217
162,10000,96,3561,137,6206
163,10000,94,3569,137,6200
164,10000,90,3581,137,6192
165,10000,86,3588,137,6189
166,10000,84,3597,137,6182
167,10000,82,3606,137,6175
168,10000,80,3611,137,6172
169,10000,78,3617,137,6168
170,10000,73,3625,137,6165
171,10000,80,3627,137,6156
172,10000,78,3635,137,6150
173,10000,80,3638,138,6144
174,10000,76,3646,138,6140
175,10000,76,3657,138,6129
176,10000,79,3663,138,6120
177,10000,73,3671,138,6118
178,10000,82,3674,138,6106
179,10000,82,3681,138,6099
180,10000,80,3688,138,6094
181,10000,87,3691,138,6084
182,10000,92,3695,138,6075
183,10000,97,3698,138,6067
184,10000,96,3707,138,6059
185,10000,95,3712,138,6055
186,10000,99,3718,138,6045
187,10000,102,3722,138,6038
188,10000,106,3733,138,6023
189,10000,108,3742,138,6012
190,10000,117,3744,138,6001
191,10000,115,3756,138,5991
192,10000,118,3763,138,5981
193,10000,122,3768,138,5972
194,10000,123,3778,138,5961
195,10000,123,3787,138,5952
196,10000,120,3795,138,5947
197,10000,124,3803,139,5934
198,10000,127,3807,139,5927
199,10000,131,3816,139,5914
200,10000,132,3823,139,5906
201,10000,128,3838,139,5895
202,10000,119,3849,139,5893
203,10000,116,3860,139,5885
204,10000,114,3870,139,5877
205,10000,111,3880,140,5869
206,10000,107,3889,140,5864
207,10000,102,3899,140,5859
208,10000,104,3908,140,5848
209,10000,108,3913,141,5838
210,10000,106,3926,142,5826
211,10000,103,3933,143,5821
212,10000,99,3946,143,5812
213,10000,94,3954,144,5808
214,10000,86,3965,145,5804
215,10000,92,3967,146,5795
216,10000,88,3975,146,5791
217,10000,87,3982,146,5785
218,10000,80,3990,146,5784
219,10000,81,3995,147,5777
220,10000,81,3999,149,5771
221,10000,76,4009,150,5765
222,10000,72,4019,150,5759
223,10000,69,4028,150,5753
224,10000,67,4033,150,5750
225,10000,62,4042,152,5744
226,10000,62,4046,152,5740
227,10000,63,4049,152,5736
228,10000,59,4058,152,5731
229,10000,59,4061,152,5728
230,10000,60,4066,152,5722
231,10000,60,4067,152,5721
232,10000,57,4073,152,5718
233,10000,58,4078,152,5712
234,10000,59,4084,152,5705
235,10000,56,4090,152,5702
236,10000,56,4095,152,5697
237,10000,56,4098,152,5694
238,10000,55,4104,152,5689
239,10000,54,4108,152,5686
240,10000,55,4112,152,5681
241,10000,54,4117,152,5677
242,10000,51,4120,153,5676
243,10000,49,4126,153,5672
244,10000,50,4127,153,5670
245,10000,48,4130,153,5669
246,10000,44,4136,153,5667
247,10000,38,4143,153,5666
248,10000,36,4146,153,5665
249,10000,31,4151,154,5664
250,10000,30,4154,154,5662
251,10000,28,4159,154,5659
252,10000,25,4161,155,5659
253,10000,21,4166,155,5658
254,10000,21,4169,155,5655
255,10000,23,4170,155,5652
256,10000,19,4174,155,5652
257,10000,19,4175,155,5651
258,10000,19,4176,155,5650
259,10000,18,4178,155,5649
260,10000,18,4179,155,5648
261,10000,17,4180,155,5648
262,10000,17,4181,155,5647
263,10000,15,4183,155,5647
264,10000,15,4186,155,5644
265,10000,16,4186,155,5643
266,10000,18,4187,155,5640
267,10000,15,4190,155,5640
268,10000,13,4193,155,5639
269,10000,13,4193,155,5639
270,10000,13,4194,155,5638
271,10000,13,4195,155,5637
272,10000,14,4196,155,5635
273,10000,13,4197,155,5635
274,10000,16,4197,155,5632
275,10000,17,4198,155,5630
276,10000,18,4198,155,5629
277,10000,14,4201,156,5629
278,10000,15,4202,156,5627
279,10000,12,4205,156,5627
280,10000,12,4205,156,5627
281,10000,11,4206,156,5627
282,10000,11,4206,156,5627
283,10000,10,4207,156,5627
284,10000,10,4207,156,5627
285,10000,8,4209,156,5627
286,10000,8,4209,156,5627
287,10000,5,4212,156,5627
288,10000,3,4214,156,5627
289,10000,2,4215,156,5627
290,10000,1,4215,157,5627
291,10000,0,4216,157,5627
